targets:
  clean_up_listening_pose:
    px: -0.2921797199345823
    py: -0.8810697467622665
    pz: 0.0
    ox: 0.0
    oy: 0.0
    oz: -0.19788104645620813
    ow: 0.9802260409994197
  kitchen_1:
    px: 0.0950957235313266
    py: -1.599493863862034
    pz: 0.0
    ox: 0.0
    oy: 0.0
    oz: -0.5397298719464091
    ow: 0.8418382655407824
  kitchen_2:
    px: 1.2736140411231907
    py: -1.240900954394331
    pz: 0.0
    ox: 0.0
    oy: 0.0
    oz: 0.025920458630770374
    ow: 0.9996640084670302
  kitchen_3:
    px: -0.14077988293511698
    py: 0.06744328358789017
    pz: 0.0
    ox: 0.0
    oy: 0.0
    oz: 0.9414960576415464
    ow: 0.33702399535556216