targets:
  cabinet_view:
    px: 2.9142230276795025
    py: -6.180878646785166
    pz: 0.0
    ox: 0.0
    oy: 0.0
    oz: -0.9998773114943506
    ow: 0.015664033925828366
  desk:
    px: 3.2073878842880847
    py: -5.772248460848266
    pz: 0.0
    ox: 0.0
    oy: 0.0
    oz: 0.7551749241618846
    ow: 0.6555233282783244
  left_cabinet:
    px: 2.9142230276795025
    py: -6.180878646785166
    pz: 0.0
    ox: 0.0
    oy: 0.0
    oz: -0.9998773114943506
    ow: 0.015664033925828366
  right_cabinet:
    px: 2.9142230276795025
    py: -6.180878646785166
    pz: 0.0
    ox: 0.0
    oy: 0.0
    oz: -0.9998773114943506
    ow: 0.015664033925828366
