targets:
  pre_examination: 
    px: -1.2978131158270407
    py: -0.3624885756957267
    pz: 0.0
    ox: 0.0
    oy: 0.0
    oz: -0.2600882861840905
    ow: 0.9655848400787073
  examination: 
    px: 4.674647875254928
    py: -5.169197407675542
    pz: 0.0
    ox: 0.0
    oy: 0.0
    oz: -0.0032749000143965585
    ow: 0.9999946375005696
  exit: 
    px: 0.27518122726778993
    py: -0.11086876414463157
    pz: 0.0
    ox: 0.0
    oy: 0.0
    oz: -0.9995545056823649
    ow: 0.029846108122889185
