targets:
  pre_examination: 
    px: -1.2978131158270407
    py: -0.3624885756957267
    pz: 0.0
    ox: 0.0
    oy: 0.0
    oz: -0.2600882861840905
    ow: 0.9655848400787073
  examination: 
    px: 0.797592695596269
    py: -0.9561934155180833
    pz: 0.0
    ox: 0.0
    oy: 0.0
    oz: -0.21174616508787958
    ow: 0.9773246960813875
  exit: 
    px: -1.657204918507097
    py: -0.23462792354521675
    pz: 0.0
    ox: 0.0
    oy: 0.0
    oz: -0.1754474331740686
    ow: 0.984488800440427
