pose:
  ros__parameters:
    targets:
      living_room:
        px: -11.205980123210482
        py: -5.971964121576364
        pz: 0.0
        ox: 0.0
        oy: 0.0
        oz: -0.2535824278252746
        ow: 0.967313781716274
      living_room_unknown:
        px: 1.0
        py: 4.0
        pz: 2.0
        ox: 0.0
        oy: 0.0
        oz: 0.0
        ow: 1.0
      front_shelf:
        px: 0.05594035566769722
        py: -0.2715101941059138
        pz: 0.0
        ox: 0.0
        oy: 0.0
        oz: 0.6915897116323705
        ow: 0.7222905722520921
      front_table:
        px: 0.42792447473199186
        py: -1.347995928088804
        pz: 0.0
        ox: 0.0
        oy: 0.0
        oz: -0.698200065871624
        ow: 0.715902694517111
