targets:
    ctt_1:
        px: -0.37499258573992544
        py: -0.7118570210939695
        pz: 0.0
        ox: 0.0
        oy: 0.0
        oz: -0.9408487555733709
        ow: 0.3388268276509984
    ctt_2:
        px: -0.553066877879337
        py: -1.0834803563399524
        pz: 0.0
        ox: 0.0
        oy: 0.0
        oz: -0.5864377552928256
        ow: 0.8099942957620825
    ctt_3:
        px: -0.3419441698635154
        py: -2.0285710258990632
        pz: 0.0
        ox: 0.0
        oy: 0.0
        oz: -0.48068309723419994
        ow: 0.8768943836251528
    Dishwasher:
        px: 0.047806129162075106
        py: 0.04999261326903813
        pz: 0.0
        ox: 0.0
        oy: 0.0
        oz: 0.480573593945773
        ow: 0.8769544006401035
