targets:
  desk:
    px: -0.5427607218811472
    py: -0.27842879696436057
    pz: 0.0
    ox: 0.0
    oy: 0.0
    oz: 0.9186464330886283
    ow: 0.39508066388212476
