targets:
 desk:
  px: 1.360996155878766
  py: -1.0339879766156062
  pz: 0.0
  ox: 0.0
  oy: 0.0
  oz: 0.04261501180713595
  ow: 0.9990915677597713
 cabinet:
  px: 0.27702724538270845
  py: -1.5566602446668742
  pz: 0.0
  ox: 0.0
  oy: 0.0
  oz: -0.6205154096593907
  ow: 0.7841942529598381
