pose:
  ros__parameters:
    targets:
      desk:
        px: 1.360996155878766
        py: -1.0339879766156062
        pz: 0.0
        ox: 0.0
        oy: 0.0
        oz: 0.04261501180713595
        ow: 0.9990915677597713
      cabinet:
        px: 0.03985290177795488
        py: -1.6606289599230137
        pz: 0.0
        ox: 0.0
        oy: 0.0
        oz: -0.7676021515646348
        ow: 0.6409266236577658
