targets:
  Kitchen:
    px: -0.06894891331696197
    py: 0.0948182644701795
    pz: 0.0
    ox: 0.0
    oy: 0.0
    oz: 0.4189514846233868
    ow: 0.9080086197453525
  Store_groceries:
    px: -0.2717385069593628
    py: -1.6022834996034006
    pz: 0.0
    ox: 0.0
    oy: 0.0
    oz: -0.571303041974161
    ow: 0.8207391998869494
