pose:
  ros__parameters:
    targets:
      desk:
        px: 1.1180757095906362
        py: -1.58189186724189
        pz: 0.0
        ox: 0.0
        oy: 0.0
        oz: -0.6854980938429355
        ow: 0.7280744215653384
